$ANSIBLE_VAULT;1.1;AES256
35366536336530303862343865303366366662383130633161393631343930366336396166353833
3432323365383361653433376562616464666261363238370a663238613136356262323764386665
63303661306131393136623030313631336334303061656435333133386466323039353563363332
3666363465323266660a366665353031396137393035363665663436396133663361376665326637
66363432386230373561623639323537353961346131653862333233613538393931653762636331
62366339366138363030653062366436393837626436626534633766383263373062626363666538
36326337666365393831386136386231393130393433373332366366623930336361333562353764
63656231363631316361666538333265373332343962396135306430336566333831373036636664
35396635353966373263626338313431316533303966383533383731626130383239396239373037
35333038353539393932333133626239376161383064616238376537323435316663363137623539
63616239346331653538326162653436336536363533376362343835636539326534343839656336
39396564386330373439636534383930386334653463306639643335656639373438393261383761
62356262373065633237383134613164633961313436613634616133346336623832316365633064
63353036646462376539643563346338323563656438313137346233663334303837633230366161
37363037353862306536393433353361613136386134323365623065626337613863633835306262
66626533303534363830373938326637616631323865386363633039316233323061333561343764
3939
